id,current_age,sex,education,apoe4,age_at_onset,baseline,time_2,time_4,time_6,time_8
5,66,Male,16,APOE4 non-carrier,68.7,0.107950408,0.112273883,0.115139677,0.106606054,0.106052066
13,63.1,Male,12,APOE4 carrier,69,0.110300505,0.108534417,0.108100808,0.109229662,0.104861901
18,67.8,Male,16,APOE4 non-carrier,69.8,0.114137255,0.107093264,0.110872562,0.108982605,0.106873903
26,64.8,Female,20,APOE4 carrier,71.1,0.104749004,0.110171403,0.106128029,0.102036973,0.104994305
30,66.3,Female,12,APOE4 non-carrier,73.1,0.109311868,0.111327152,0.107454368,0.113914306,0.108895642
45,62.9,Male,20,APOE4 carrier,65.2,0.106887426,0.110818579,0.111516749,0.107179289,0.10457923
55,69.3,Female,16,APOE4 carrier,73.6,0.101507799,0.105455229,0.104251537,0.106088762,0.103609078
59,66.7,Female,20,APOE4 carrier,74.4,0.103415696,0.10351346,0.100971886,0.108515848,0.104119779
65,62.8,Female,16,APOE4 non-carrier,66.5,0.11256305,0.11366025,0.112475164,0.111539121,0.111844573
69,65.5,Female,20,APOE4 carrier,72.5,0.114392996,0.104970251,0.109161136,0.107839858,0.107005326
75,61.2,Female,16,APOE4 carrier,65.4,0.108368094,0.10773377,0.105117512,0.106359342,0.105999842
76,65.9,Male,12,APOE4 non-carrier,68,0.110931307,0.109048068,0.106670279,0.10805051,0.111364424
77,63.7,Female,18,APOE4 carrier,66.4,0.107284617,0.106476261,0.112886515,0.101454474,0.10454377
78,65,Male,16,APOE4 non-carrier,68,0.113982537,0.110739736,0.113457585,0.111259357,0.108290955
86,66,Female,18,APOE4 carrier,71.7,0.108360583,0.102932875,0.106523976,0.104131568,0.101939043
87,68.2,Male,18,APOE4 non-carrier,76,0.113658986,0.110688998,0.112175174,0.107445684,0.103597297
109,66.2,Female,16,APOE4 carrier,68.4,0.107026721,0.107718021,0.104457501,0.100723304,0.100848092
120,64.5,Female,20,APOE4 carrier,72.2,0.106856079,0.111398319,0.103014244,0.106365255,0.103045743
123,64.4,Male,18,APOE4 carrier,67.4,0.108080327,0.112383506,0.11008691,0.107630692,0.101780509
132,63.2,Male,16,APOE4 carrier,66,0.10908984,0.108979186,0.106198191,0.105698988,0.102579378
146,62.7,Female,16,APOE4 non-carrier,66.7,0.111194981,0.111374948,0.113454429,0.109239435,0.108603552
149,61.1,Female,16,APOE4 carrier,68.9,0.108500622,0.110531747,0.110113935,0.106510401,0.106897608
170,65.6,Male,16,APOE4 non-carrier,70.7,0.11478716,0.111734748,0.111511576,0.113622709,0.11056932
177,67.4,Female,16,APOE4 carrier,74.4,0.107080076,0.103880457,0.104338764,0.106399715,0.102465143
202,70.1,Female,18,APOE4 carrier,75.2,0.108924204,0.103006361,0.103228003,0.102029846,0.100056292
218,61.2,Male,16,APOE4 non-carrier,65.9,0.11380286,0.115676631,0.112240869,0.110319531,0.110548777
226,70.4,Male,16,APOE4 non-carrier,75.4,0.113086843,0.110028856,0.110193695,0.107221396,0.105330637
229,65.6,Female,18,APOE4 non-carrier,70.9,0.110090355,0.114248533,0.111349647,0.107372297,0.108299128
234,66.7,Male,18,APOE4 non-carrier,66.7,0.110521689,0.110988335,0.110318671,0.107334344,0.108868811
242,68.1,Male,12,APOE4 non-carrier,75.6,0.110615293,0.112466023,0.110543716,0.108457735,0.106649029
249,64.5,Female,16,APOE4 carrier,68.4,0.107875226,0.106120934,0.110522028,0.10443051,0.104297366
250,68.1,Male,16,APOE4 carrier,74.5,0.107287702,0.109043837,0.109596383,0.105458715,0.10294026
252,66.2,Male,16,APOE4 carrier,69.6,0.106002663,0.109438988,0.104734598,0.108832219,0.105513741
283,69,Male,16,APOE4 non-carrier,68.3,0.113436336,0.106568976,0.11338643,0.10820706,0.114399611
287,63,Male,16,APOE4 carrier,68,0.108545195,0.109804562,0.112595781,0.109277394,0.107288238
292,66.1,Female,18,APOE4 non-carrier,70.2,0.112005473,0.111128689,0.110529628,0.107524069,0.111213884
297,67.3,Male,16,APOE4 carrier,73.9,0.112519791,0.107296829,0.109572724,0.107416099,0.105536131
305,70,Female,18,APOE4 carrier,77.2,0.106575146,0.109139729,0.107237307,0.100797063,0.103960862
306,69.5,Female,16,APOE4 non-carrier,72.6,0.107617927,0.10549774,0.105779618,0.104030737,0.103597858
314,63,Female,16,APOE4 non-carrier,68.7,0.114488695,0.111534036,0.113995497,0.116064016,0.111072404
323,67.4,Female,16,APOE4 carrier,73.9,0.108951493,0.108156014,0.107161066,0.107789675,0.103367206
328,65.5,Male,16,APOE4 non-carrier,71,0.116053343,0.108732458,0.107981127,0.110412399,0.107545571
336,67.2,Female,16,APOE4 carrier,73.7,0.105515499,0.105559957,0.102679883,0.10569702,0.10640764
337,67.8,Female,16,APOE4 non-carrier,75,0.110234919,0.109115569,0.110457079,0.111424351,0.109695757
338,65,Female,16,APOE4 non-carrier,70.8,0.113154484,0.113866071,0.107875179,0.109168346,0.110056896
347,67.7,Male,16,APOE4 carrier,68.9,0.106142357,0.105404684,0.106038639,0.104798607,0.102539751
348,64.4,Male,16,APOE4 carrier,70.4,0.108953572,0.109108861,0.10913821,0.111055899,0.111664612
350,70.7,Female,16,APOE4 carrier,75.2,0.104448098,0.106251499,0.109105546,0.105341362,0.102666049
351,69.4,Male,16,APOE4 carrier,76.6,0.109113066,0.110681827,0.104622912,0.107114993,0.10775628
365,64.5,Female,16,APOE4 non-carrier,67.7,0.108368155,0.11282099,0.109700177,0.103664695,0.104995131
366,66.8,Male,16,APOE4 carrier,72.8,0.109407468,0.110142355,0.108078589,0.104223474,0.103784985
369,63.3,Male,18,APOE4 carrier,68.6,0.111860082,0.104362159,0.112709888,0.107915913,0.107131432
373,62.5,Male,16,APOE4 non-carrier,66,0.11218911,0.117060394,0.113077811,0.116411516,0.106141346
377,65.4,Female,16,APOE4 carrier,68.2,0.108737385,0.107877634,0.107528215,0.105783551,0.104676513
380,70.3,Female,16,APOE4 non-carrier,70.2,0.111158847,0.104560429,0.106822683,0.104961175,0.109506164
408,64.1,Male,20,APOE4 carrier,70.2,0.110779441,0.11081594,0.111759647,0.10560759,0.11096394
409,69.3,Male,16,APOE4 carrier,75.2,0.109306118,0.109355444,0.104203305,0.104801719,0.104392625
416,66.6,Female,16,APOE4 non-carrier,68.9,0.111767429,0.109024281,0.113209208,0.105000017,0.106021985
417,68.1,Female,16,APOE4 carrier,72.5,0.109277104,0.10508806,0.105360371,0.105517925,0.10132809
419,60.7,Female,16,APOE4 carrier,63.8,0.114644146,0.108243592,0.112268963,0.106069914,0.10415295
423,64.8,Female,16,APOE4 carrier,70.3,0.108118705,0.107796862,0.107986282,0.103578995,0.11011534
426,69.8,Male,16,APOE4 non-carrier,76.8,0.110310062,0.106626194,0.105759193,0.108039787,0.105913739
431,58.9,Male,16,APOE4 carrier,61.2,0.117180111,0.110687702,0.107133996,0.10872562,0.106799552
442,70.3,Male,18,APOE4 non-carrier,71.3,0.107946154,0.114161562,0.1105537,0.106454629,0.103088929
453,62.7,Male,18,APOE4 non-carrier,68.6,0.113857033,0.112321772,0.108314519,0.109028408,0.106029713
471,62.6,Male,16,APOE4 carrier,68.9,0.111027383,0.106424715,0.111068422,0.107208238,0.110534005
